,1,2,3,4,5,6,7,9,10,11,12,13,15,16,17,18,19,21,22,23,24,25,27,28,29,30,31,32,33,34,35,36,37,38,39,40,41,42,43,44,45,46,47,48,101,103,104,105,106,107,108,109,110,111,112,113,115,116,117,118,119,120,121,122,123,125,126,127,128,129,131,132,133,134,135,136,137,138,139,140,141,143,144,145,146,147,148,149,150,153,154,155,156,157,158,159,160,162,164,165,166,169,170,171,172,173,174,175,176,177,178,179,180,181,182,183,185,186,187,188,189,190,192,193,196
1,0.0,2.8065,132.374,294.16,0.8869,2.7578,9.0836,0.8383,9.9917,23.5767,130.015,265.5257,2.9159,206.6241,292.8878,61.7763,7.3508,2.3445,147.2412,278.4296,33.072,292.698,6.0739,282.8083,23.7414,10.3792,296.2982,62.3044,1.6245,9.4514,7.2404,263.166,77.421,133.1981,57.3776,260.4017,133.2293,291.0222,332.7528,133.6442,1.5705,5.6126,120.4937,134.7889,0.9186,3.3302,4.1283,4.4184,3.7344,2.7471,2.002,4.1674,12.0853,3.6924,3.5494,5.9381,4.9744,3.9405,9.0478,22.8504,45.5472,37.1452,2.1786,4.627,9.8582,12.9279,3.6562,7.0161,6.7279,5.0939,9.1179,9.5191,8.8774,6.0879,7.167,0.8754,3.4512,8.1043,7.7454,21.6533,6.5419,11.9953,8.9697,8.2325,12.4263,1.8922,3.6771,13.5702,12.2164,2.9978,7.9363,8.4825,7.4592,8.5092,4.271,13.4231,1.1507,1.6814,7.5985,5.8518,9.1744,10.1397,6.9037,11.7459,293.2219,18.1224,8.1903,12.1659,116.7009,7.5013,6.722,25.5664,261.3636,134.806,9.4941,1.7416,26.3916,60.3588,154.4848,38.9494,30.344,4.9787,35.2902,58.6876,14.2042
2,2.8065,0.0,134.7573,296.8588,1.9398,1.8137,10.4342,3.4322,10.6266,24.7157,132.36,268.1304,1.6835,209.1965,295.585,63.3903,6.7127,1.3555,149.5621,281.1006,34.2471,295.4077,8.8638,285.5425,24.644,12.3274,298.9957,63.844,3.421,6.7891,8.7656,265.7778,79.2165,135.5463,58.9847,263.01,135.5136,293.7143,333.7316,136.0391,1.4095,3.0614,122.8094,137.1946,1.9083,3.2645,4.7478,5.3939,6.4989,4.4484,2.0176,3.6943,9.7577,2.8782,2.6681,3.7995,6.4379,6.3199,10.6006,21.2462,47.739,39.2183,1.3357,7.4283,10.6318,11.7994,4.0805,9.2148,5.852,7.6925,6.5754,9.9285,7.9176,3.6884,5.3556,2.8196,3.0873,7.5645,9.8639,23.3176,9.3454,12.9157,10.7045,8.404,14.4428,3.5489,1.2323,15.2319,11.6247,3.4012,6.5207,9.7158,6.3461,5.9213,2.7411,14.5226,2.3525,4.1138,8.0229,5.877,11.2592,9.4092,8.1386,12.8087,295.9248,18.1481,9.8849,12.6627,119.4427,6.4995,8.1207,25.9986,263.9662,137.1627,8.4051,2.7517,27.4786,62.066,156.9099,40.3766,31.6109,3.7538,35.5666,60.2329,12.4118
3,132.374,134.7573,0.0,171.0618,133.1966,135.1178,125.194,132.2212,126.5363,114.4125,4.1097,137.2754,133.5707,78.1618,169.689,79.8138,131.5413,133.5279,15.9101,153.6046,107.0781,170.5851,127.7613,163.5459,115.8973,122.619,173.0524,80.8101,131.3427,138.9084,126.4215,135.2699,64.1603,3.2228,83.3019,132.3899,8.5585,167.4615,241.7966,1.6565,133.373,137.8161,13.1741,3.1813,133.0566,132.0793,130.5971,129.819,129.7748,130.3248,132.8,132.2596,138.4171,135.8875,133.0306,135.1962,128.5678,128.4882,124.7354,154.0437,125.922,128.5501,133.484,128.69,126.1975,143.8906,131.2136,125.5442,132.2906,127.2974,138.029,127.5439,132.1445,138.3952,134.6728,132.9417,135.4884,131.0486,124.9163,113.0045,127.0955,124.1648,124.402,128.984,120.4917,133.2155,134.8718,120.3409,130.0672,134.7017,139.9311,125.9932,132.7827,137.8916,133.8051,122.4208,133.4322,132.1202,128.6821,130.6011,123.5535,131.1216,127.309,123.8604,170.4926,124.814,125.2116,125.621,95.7274,139.1294,133.9583,118.3787,133.0843,3.3987,140.9057,132.0161,112.688,79.2918,22.5209,100.1069,108.3058,133.2829,115.4652,83.3499,136.0407
4,294.16,296.8588,171.0618,0.0,295.0424,296.7183,288.7514,293.7821,290.6737,280.6504,174.7773,40.8215,296.0368,93.6182,1.4087,249.9676,295.2857,295.8291,161.4537,18.517,274.7609,4.5269,288.6015,18.4924,282.4504,285.7607,2.1867,251.1686,293.5164,302.2563,289.5581,41.1477,234.9894,171.8971,253.061,43.7727,174.8174,4.0078,285.689,169.439,295.4546,299.7701,184.2015,167.9564,294.9863,294.7791,293.4632,292.6839,290.9033,292.6954,295.1069,295.1759,302.673,297.2161,295.7385,298.2744,291.3765,290.6116,288.1286,312.8908,271.1416,277.3506,295.7419,289.8286,290.2441,303.5228,293.9871,288.0481,295.8623,289.171,301.4908,291.6647,296.2513,300.1967,298.169,294.5185,296.7325,294.9828,287.5769,278.067,287.989,288.5503,287.6179,292.8767,283.7463,294.4896,297.2981,284.2755,294.9872,295.8616,300.735,289.5248,296.5155,301.1886,296.6243,286.9382,295.0499,293.4472,292.3724,293.9469,286.3862,295.5516,290.5575,288.1,1.8438,290.9059,288.3583,290.2757,199.477,299.72,293.7715,285.668,44.06,170.1257,301.1624,294.2855,279.4604,249.0616,149.6439,268.1391,275.422,296.3492,284.398,253.3847,301.1322
5,0.8869,1.9398,133.1966,295.0424,0.0,2.0168,9.5759,1.5142,10.2644,24.0459,130.8289,266.3939,2.3639,207.4864,293.77,62.3981,7.1889,1.7459,148.0497,279.3083,33.5598,293.5815,6.9241,283.6941,24.1399,11.0618,297.1804,62.9054,2.0735,8.6608,7.7733,264.0354,78.094,134.0128,57.9968,261.2705,134.029,291.9037,333.2018,134.4694,0.9002,4.7348,121.3006,135.6166,0.3168,3.1978,4.2867,4.7134,4.5626,3.2429,1.6777,3.9598,11.4224,3.0686,3.1709,5.2977,5.4548,4.7199,9.6034,22.1995,46.1234,37.6735,1.5739,5.4899,10.1738,12.38,3.7204,7.76,6.4806,5.9463,8.3716,9.7163,8.6352,5.2289,6.6412,1.0326,2.931,7.9845,8.4686,22.2742,7.4077,12.37,9.5815,8.3403,13.1345,2.0327,2.9041,14.1772,12.1166,2.6899,7.2827,8.9331,7.1511,7.7449,3.7529,13.8593,0.8208,2.2699,7.7791,5.8698,9.8933,9.9816,7.3385,12.1637,294.1047,18.2403,8.7848,12.409,117.52,6.9453,6.9283,25.8239,262.2314,135.6226,8.9364,1.815,26.8483,61.0061,155.3168,39.5132,30.857,4.5783,35.5085,59.2897,13.7275
6,2.7578,1.8137,135.1178,296.7183,2.0168,0.0,11.5409,2.9493,12.0534,25.9772,132.765,268.1769,3.3448,209.2975,295.4482,64.406,8.4499,2.8299,149.994,281.0214,35.5004,295.241,8.2433,285.3115,26.0131,13.078,298.858,64.9064,4.079,8.1224,9.7624,265.812,80.1107,135.9477,60.004,263.0503,135.9852,293.5891,335.1003,136.3857,2.3031,3.1736,123.2472,137.5281,2.249,4.733,6.0633,6.5894,5.8713,5.2426,3.2335,5.3196,11.348,1.1584,4.3378,5.5598,7.431,6.6952,11.5979,20.1877,46.21,37.6351,2.7186,6.9168,12.0048,10.4317,5.4339,9.759,7.6185,7.8219,8.0543,11.4295,9.7098,3.4874,7.1524,2.2116,1.2763,9.2923,10.4761,24.284,8.8062,14.2434,11.5927,9.9651,15.1473,2.3819,3.0169,16.1851,13.3849,1.6805,5.2769,10.8756,8.1449,7.37,4.5389,15.7778,1.6949,3.3091,9.4968,7.4385,11.9027,11.1807,9.2789,14.0725,295.7746,19.8013,10.7927,14.1535,118.4742,5.0151,6.426,27.5472,264.0163,137.5543,6.9911,3.6903,28.7685,63.0201,157.2191,41.4991,32.8155,5.5371,37.1723,61.2912,14.1756
7,9.0836,10.4342,125.194,288.7514,9.5759,11.5409,0.0,9.4795,2.7907,14.4935,122.6929,259.3889,8.899,200.3064,287.4644,52.9564,6.5353,9.0797,139.8242,272.7776,23.9916,287.398,9.6555,277.7834,14.7297,3.2049,290.8774,53.4138,7.5157,13.7466,1.8839,257.0765,68.8242,125.8853,48.5507,254.2899,125.6974,285.5519,323.6708,126.509,9.2906,13.3481,113.0743,127.6963,9.3074,7.2695,5.7285,5.0408,9.3196,6.3503,8.4456,7.2253,13.9647,12.6411,8.1357,10.0169,4.1226,5.8591,0.8247,31.6637,49.1869,41.4875,9.1047,8.9213,2.2734,21.9557,6.3982,3.8729,7.1639,6.231,12.8981,3.4429,7.5992,14.0521,9.5303,9.938,12.4912,6.2684,3.3831,12.9171,9.4031,3.2834,1.6051,4.1974,5.0253,10.7986,10.1299,4.918,7.85,12.0785,16.8053,0.7992,7.7705,12.7128,8.7736,4.3946,10.2068,9.9724,3.6212,5.4081,3.3511,7.2933,2.2964,2.8232,287.8535,10.6286,1.5486,4.4434,115.6617,16.5212,14.8172,16.987,255.2146,127.5235,18.5119,7.8578,17.3113,51.646,147.4603,29.9683,21.2811,8.1306,26.7901,49.8017,13.3071
9,0.8383,3.4322,132.2212,293.7821,1.5142,2.9493,9.4795,0.0,10.5689,23.9595,129.8834,265.2278,3.7375,206.3506,292.5115,61.9714,8.149,3.1512,147.1218,278.0775,33.4292,292.3092,5.4542,282.393,24.1906,10.5359,295.9214,62.5256,2.2538,10.1749,7.6088,262.8627,77.5443,133.0647,57.5767,260.1011,133.1297,290.6506,333.1335,133.4848,2.3414,6.0167,120.3785,134.6233,1.6654,4.1409,4.8243,5.0296,3.0755,3.2558,2.8402,4.9874,12.889,3.6785,4.3876,6.7459,5.4271,4.0107,9.3765,22.7295,44.7159,36.3083,2.9818,4.051,10.4045,12.6997,4.4026,7.0979,7.5476,4.9391,9.8774,10.1487,9.6927,6.4147,8.0004,0.7381,3.3317,8.8879,7.8561,21.867,5.9669,12.4859,9.2318,8.9193,12.5349,1.3192,4.4135,13.8174,12.9857,2.6961,7.8691,8.9229,8.2879,9.2554,5.1024,13.8548,1.268,0.8437,8.2478,6.5942,9.2811,10.9314,7.3718,12.1999,292.84,18.7817,8.4797,12.7563,116.0123,7.3178,5.9587,26.128,261.0673,134.6679,9.2947,2.5349,26.7842,60.5203,154.307,39.221,30.6763,5.8168,35.8749,58.9081,15.0423
10,9.9917,10.6266,126.5363,290.6737,10.2644,12.0534,2.7907,10.5689,0.0,14.2039,123.9711,261.0932,8.9582,201.9601,289.3828,53.2302,5.0931,9.3113,141.0474,274.632,23.7141,289.3504,11.8905,279.8093,14.0222,5.846,292.7961,53.5815,8.3686,12.4791,3.897,258.7967,69.3246,127.166,48.8261,256.0032,126.8708,287.4573,323.105,127.8705,9.7527,13.2397,114.3124,129.0757,9.96,7.3703,5.9964,5.5758,11.1305,7.3152,8.8205,7.0019,12.0385,13.2064,8.0281,9.194,5.2685,7.6041,3.6122,31.7369,51.852,44.0629,9.386,10.9446,0.5286,22.4185,6.6198,6.4046,5.9541,8.3974,11.5647,1.0094,5.6376,13.9853,8.2815,10.8661,13.168,4.5194,6.0541,13.6748,11.7345,2.4721,4.3954,2.5378,7.3503,11.852,10.0129,6.3984,5.1099,12.9302,17.1471,2.5069,6.3027,11.5205,8.4047,4.2371,11.0101,11.2143,2.6195,4.8268,6.141,4.9144,3.4542,2.6767,289.7871,8.4154,4.217,2.1956,118.3574,17.0535,16.3236,15.5752,256.9154,128.8173,19.0031,8.4499,16.9161,52.0577,148.8592,30.049,21.1615,7.5334,25.3065,49.9856,10.8342
11,23.5767,24.7157,114.4125,280.6504,24.0459,25.9772,14.4935,23.9595,14.2039,0.0,111.6568,250.0949,23.0816,190.8139,279.3403,39.192,19.096,23.37,128.5392,264.2887,9.5314,279.4819,22.9505,270.345,2.1859,14.0532,282.753,39.4606,21.9995,26.2031,16.352,247.8669,55.4997,114.8514,34.8012,245.0465,114.2518,277.3515,309.1778,115.8046,23.6916,27.4313,101.9043,117.0651,23.7678,21.4563,19.9769,19.3929,23.3684,20.8388,22.8002,21.1765,24.7176,27.0984,22.1894,23.3232,18.608,20.1647,14.5989,45.9209,57.6642,51.1742,23.4219,22.7058,14.1191,36.4088,20.6388,17.4072,20.0247,20.054,25.2566,15.0595,19.0695,28.1723,22.2104,24.4312,26.9716,18.3612,16.6316,5.3087,22.4705,11.8134,14.8507,16.6755,12.7392,25.2771,24.1925,10.5578,16.1554,26.5719,31.1997,15.1129,20.1909,25.3554,22.607,10.2023,24.6961,24.4089,16.8126,19.0238,15.4154,17.7043,16.7077,11.9133,279.8215,10.4127,15.5336,12.4748,115.6348,30.9829,28.9979,6.7511,245.906,116.5387,32.967,22.2879,2.8394,38.1725,136.8695,15.9354,6.9765,21.7325,14.6287,35.8815,21.7997
12,130.015,132.36,4.1097,174.7773,130.8289,132.765,122.6929,129.8834,123.9711,111.6568,0.0,140.6946,131.1439,81.7002,173.4013,76.5301,128.9983,131.1166,17.3497,157.2524,104.1595,174.3451,125.5082,167.4183,113.0983,120.1698,176.7585,77.4697,128.9519,136.3795,123.9575,138.7251,60.687,3.1962,80.1015,135.8394,5.9983,171.1589,240.3295,5.7307,130.9828,135.421,9.827,7.2436,130.6817,129.6359,128.1434,127.3683,127.4867,127.9194,130.3911,129.795,135.8011,133.5562,130.5829,132.7056,126.1274,126.1135,122.2525,151.8536,124.8763,127.2388,131.077,126.4056,123.6428,141.6745,128.7665,123.1454,129.7621,124.9512,135.4921,124.9769,129.5632,136.0118,132.1436,130.5996,133.1663,128.4883,122.5049,110.391,124.8406,121.5823,121.9381,126.4351,118.04,130.8998,132.4439,117.8201,127.4086,132.3902,137.6306,123.4916,130.2366,135.3709,131.3441,119.8308,131.0844,129.8041,126.1546,128.1008,121.1309,128.5107,124.8305,121.2944,174.2257,122.0424,122.7513,123.0051,97.4198,136.8505,131.7681,115.4799,136.5074,4.9033,138.6486,129.6136,109.8721,76.1008,25.7057,97.1601,105.46,130.8001,112.3406,80.0867,133.3463
13,265.5257,268.1304,137.2754,40.8215,266.3939,268.1769,259.3889,265.2278,261.0932,250.0949,140.6946,0.0,267.162,59.3356,39.4778,217.0616,265.9007,267.0156,125.9273,22.9948,243.4738,42.8138,260.2566,45.7589,251.7599,256.5347,42.1231,218.0827,264.7306,273.0845,260.3678,2.9723,201.3815,137.6454,220.464,5.2027,139.9008,36.8264,250.1867,135.7209,266.7211,271.1233,150.416,134.3101,266.3058,265.8033,264.4118,263.6262,262.4787,263.8275,266.2848,266.1194,273.1294,268.7802,266.7678,269.1796,262.3291,261.8177,258.8256,285.5007,247.2101,252.5741,266.9442,261.3893,260.6973,275.7623,264.9761,259.0869,266.5515,260.4563,272.2672,262.0985,266.7251,271.6114,268.9064,265.9653,268.3232,265.5182,258.5519,248.0057,259.6185,258.8515,258.3797,263.4129,254.4584,266.0477,268.4495,254.7253,265.1089,267.4748,272.5253,260.179,267.1446,272.0292,267.6178,257.1726,266.4866,264.9757,262.9864,264.7112,257.2846,265.8857,261.332,258.4577,41.2385,260.4795,259.1536,260.4777,181.6789,271.5781,265.8454,254.635,4.1957,135.8679,273.1553,265.4704,248.6488,216.448,115.0313,236.6375,244.422,267.2435,252.433,220.5798,271.2182
15,2.9159,1.6835,133.5707,296.0368,2.3639,3.3448,8.899,3.7375,8.9582,23.0816,131.1439,267.162,0.0,208.1893,294.7601,61.8399,5.107,0.6219,148.3268,280.2298,32.6117,294.6071,8.7785,284.7956,22.9797,10.9975,298.1714,62.2732,2.6248,6.7527,7.3137,264.8189,77.7208,134.3323,57.4335,262.0465,134.2537,292.88,332.0611,134.8618,1.4651,4.45,121.5726,136.0261,2.1119,1.6376,3.1713,3.8796,6.5403,3.3431,1.04,2.0126,9.1793,4.4801,0.9974,3.0335,5.0384,5.4481,9.1273,22.8508,48.45,40.0226,0.7918,7.3038,8.9781,13.4792,2.5009,8.0856,4.2954,6.9666,6.3133,8.2478,6.4193,5.155,4.2818,3.3927,4.6022,5.9477,8.6679,21.8126,9.1656,11.2719,9.2992,6.7206,13.1266,4.3841,1.3014,13.7557,10.0478,4.7172,8.1953,8.1574,4.8832,5.7499,1.389,12.9017,3.1266,4.5626,6.3484,4.1937,10.0173,7.8542,6.6061,11.1883,295.1108,16.4852,8.4763,10.9819,119.4153,8.1801,9.2439,24.3158,262.9953,135.9551,10.0885,1.8184,25.8343,60.5442,155.7565,38.7865,29.993,2.2676,33.8915,58.6645,11.3636
16,206.6241,209.1965,78.1618,93.6182,207.4864,209.2975,200.3064,206.3506,201.9601,190.8139,81.7002,59.3356,208.1893,0.0,92.2238,157.8409,206.8035,208.06,67.8414,75.7483,184.1419,93.5687,201.4564,88.3525,192.4636,197.4896,95.5294,158.9004,205.787,214.0263,201.3251,57.2113,142.3221,78.7172,161.1942,54.3533,81.353,89.8874,240.8989,76.5815,207.7885,212.2069,91.3324,75.1455,207.3892,206.8061,205.3972,204.6114,203.6478,204.8629,207.3282,207.1007,213.989,209.9316,207.7702,210.1462,203.3193,202.8777,199.758,226.9715,190.6755,195.4718,207.993,202.5563,201.5719,217.1224,205.971,200.1058,207.4703,201.5418,213.198,202.9672,207.5962,212.7119,209.833,207.087,209.4838,206.404,199.5547,188.7971,200.8116,199.6972,199.3285,204.3018,195.4016,207.2032,209.4815,195.6076,205.9139,208.6444,213.7399,201.0992,208.0488,212.9757,208.6094,198.0072,207.6041,206.1245,203.8932,205.6504,198.2697,206.7294,202.279,199.3154,93.2053,201.2069,200.1093,201.3022,131.8672,212.8172,207.1729,195.3115,55.1407,76.9379,214.4358,206.5172,189.343,157.1778,56.2258,177.3021,185.1037,208.2106,193.1129,161.3433,212.0111
17,292.8878,295.585,169.689,1.4087,293.77,295.4482,287.4644,292.5115,289.3828,279.3403,173.4013,39.4778,294.7601,92.2238,0.0,248.6154,293.999,294.5536,160.0607,17.1153,273.4373,4.8822,287.3345,18.2048,281.1381,284.4761,3.4136,249.8138,292.2411,300.9744,288.2746,39.7766,233.6256,170.5187,251.7139,42.3924,173.4319,2.6529,284.6888,168.0668,294.1805,298.4982,182.8304,166.5849,293.7133,293.5002,292.1828,291.4032,289.6349,291.4184,293.8311,293.8955,301.3838,295.9481,294.4598,296.9935,290.0959,289.3359,286.8428,311.6459,269.9661,276.1573,294.4667,288.5598,288.9538,302.2692,292.7075,286.7688,294.577,287.8967,300.2078,290.3741,294.9619,298.9261,296.8849,293.248,295.465,293.6945,286.2964,276.7657,286.7214,287.2569,286.3332,291.5882,282.4603,293.2213,296.022,282.9845,293.691,294.5945,299.472,288.2382,295.2291,299.9068,295.345,285.6434,293.7793,292.1782,291.0853,292.6629,285.104,294.2595,289.2734,286.8077,2.2133,289.5991,287.0743,288.9806,198.4253,298.4582,292.5135,284.3499,42.6918,168.747,299.9036,293.0098,278.1457,247.7138,148.2586,266.8112,274.1035,295.068,283.0636,252.0344,299.8359
18,61.7763,63.3903,79.8138,249.9676,62.3981,64.406,52.9564,61.9714,53.2302,39.192,76.5301,217.0616,61.8399,157.8409,248.6154,0.0,58.2333,62.0361,92.5337,232.8691,30.0954,249.2115,59.3143,241.2039,39.9712,51.4368,252.0065,2.0718,60.3277,65.3951,54.6613,215.0229,16.7384,79.6524,4.4066,212.1502,78.1448,246.4731,273.1767,81.3522,62.2139,66.2772,66.7312,82.7539,62.1571,60.2033,58.6708,57.9972,60.5429,59.1637,61.3949,60.0506,63.7697,65.4521,61.0238,62.42,57.0014,57.9668,52.8211,84.5909,80.3028,77.2976,62.0594,59.6254,53.0712,74.6711,59.3423,54.9023,59.145,57.3468,64.4486,54.1423,58.2613,66.9938,61.3776,62.5646,65.2254,57.5238,54.1294,40.1249,58.6883,50.772,52.8176,55.7513,49.4846,63.2334,63.0364,48.2211,55.2438,64.6673,69.6806,53.6843,59.3573,64.5422,61.5475,49.0454,62.927,62.2248,55.7841,57.9751,52.7161,56.8867,55.2525,50.7357,249.2946,48.7799,53.6136,51.639,110.1423,69.2702,65.9505,41.0891,212.8684,81.4136,71.258,60.7693,36.7356,2.8933,102.2276,23.2639,32.2487,60.7385,36.2085,3.6077,60.5033
19,7.3508,6.7127,131.5413,295.2857,7.1889,8.4499,6.5353,8.149,5.0931,19.096,128.9983,265.9007,5.107,206.8035,293.999,58.2333,0.0,5.6614,146.0917,279.3121,28.5332,293.9299,11.7374,284.3029,18.6838,9.5828,297.412,58.5463,6.0274,7.3979,5.9487,263.5921,74.3828,132.1926,53.8325,260.8039,131.9272,292.087,327.5311,132.8682,6.3915,8.7399,119.3514,134.0662,6.8787,4.0254,3.6642,4.0269,10.0594,5.5581,5.5114,3.2292,7.4883,9.5745,4.1235,4.2523,4.9887,7.2204,7.1701,27.0994,52.2456,44.0438,5.8009,10.3893,5.3699,18.2709,3.8299,8.1454,0.9569,8.6881,6.496,4.1226,1.6633,9.4959,3.1884,8.1049,9.7091,0.8588,8.3065,18.7627,11.8704,7.558,7.7373,2.5714,11.5445,9.1694,5.7463,11.2229,4.9469,9.7746,12.995,5.7617,1.2462,6.4281,4.0284,9.3278,8.0094,8.9713,2.9176,1.9389,9.1885,2.7947,4.9088,7.746,294.3871,11.5063,7.0675,6.6256,121.2244,13.1472,14.0636,19.5379,261.7255,133.8397,14.974,5.6151,21.7249,57.1009,153.8424,35.0106,26.0724,3.0056,28.9688,54.9593,7.7255
21,2.3445,1.3555,133.5279,295.8291,1.7459,2.8299,9.0797,3.1512,9.3113,23.37,131.1166,267.0156,0.6219,208.06,294.5536,62.0361,5.6614,0.0,148.3101,280.0419,32.9014,294.3909,8.3028,284.5586,23.3186,11.025,297.9647,62.4885,2.3176,7.1893,7.4232,264.6683,77.8709,134.3039,57.6304,261.8979,134.2504,292.6772,332.4111,134.8141,0.8458,4.3455,121.5564,135.9739,1.5045,1.9418,3.3959,4.039,6.0253,3.2085,0.7322,2.4911,9.7416,3.9825,1.54,3.5956,5.1044,5.2182,9.255,22.6011,47.8509,39.4139,0.1723,6.8318,9.3009,13.1074,2.7312,7.9924,4.8765,6.6852,6.8022,8.6425,7.0126,5.0093,4.8956,2.777,4.0626,6.492,8.6124,21.9687,8.7154,11.5769,9.3759,7.1502,13.1472,3.7624,1.493,13.8875,10.6079,4.1263,7.8449,8.3603,5.4878,6.2136,2.0091,13.1737,2.5047,3.9663,6.7218,4.6196,9.9903,8.4267,6.7838,11.46,294.8999,16.9715,8.5546,11.3744,118.9529,7.7578,8.624,24.7445,262.85,135.9233,9.6941,1.5465,26.1375,60.7154,155.6967,39.0214,30.2598,2.8791,34.3507,58.8775,11.9823
22,147.2412,149.5621,15.9101,161.4537,148.0497,149.994,139.8242,147.1218,141.0474,128.5392,17.3497,125.9273,148.3268,67.8414,160.0607,92.5337,146.0917,148.3101,0.0,143.5604,120.8231,161.3255,142.7889,155.3287,129.9237,137.3415,163.3701,93.3201,146.1592,153.4816,141.1168,124.1181,76.2496,14.2462,96.2892,121.216,14.395,157.7288,228.959,15.2086,148.1898,152.6235,26.7543,14.7469,147.8982,146.8078,145.3084,144.5359,144.7511,145.1178,147.5862,146.9513,152.8223,150.797,147.7514,149.8407,143.3028,143.3317,139.3984,169.1544,141.824,144.3885,148.2732,143.6721,140.7287,158.9672,145.936,140.3498,146.8675,142.1863,152.5876,142.0509,146.6215,153.2216,149.2473,147.8353,150.4121,145.5666,139.7014,127.4311,142.1206,138.6442,139.0984,143.5246,135.2109,148.1496,149.6256,134.9382,144.3904,149.6418,154.8865,140.6222,147.3267,152.4805,148.5025,136.8867,148.3168,147.0541,143.2626,145.2303,138.3206,145.541,141.9785,138.3715,161.0206,138.8948,139.9139,140.0339,108.8687,154.1171,149.0718,132.1591,121.7688,12.8437,155.9249,146.8133,126.6784,92.3244,12.8639,113.7903,122.2304,147.9422,128.6111,96.1265,150.2842
23,278.4296,281.1006,153.6046,18.517,279.3083,281.0214,272.7776,278.0775,274.632,264.2887,157.2524,22.9948,280.2298,75.7483,17.1153,232.8691,279.3121,280.0419,143.5604,0.0,258.1671,19.9282,272.9594,24.1762,266.0487,269.8274,20.171,234.0204,277.7355,286.3595,273.6409,22.9202,217.6784,154.3242,236.0544,25.423,157.0876,14.5512,271.5837,151.9957,279.6931,284.0421,166.7704,150.5282,279.2417,278.9377,277.5956,276.8134,275.2378,276.8867,279.316,279.3087,286.6562,281.5546,279.8998,282.3982,275.5078,274.8246,272.1733,297.5971,256.9853,262.9075,279.9598,274.157,274.2127,288.0934,278.1333,272.2034,279.9133,273.4081,285.5763,275.6287,280.2332,284.4895,282.2382,278.8152,281.0792,278.9832,271.7109,261.8574,272.3377,272.4682,271.6829,276.875,267.7905,278.8229,281.5011,268.236,278.855,280.2147,285.1525,273.5572,280.5478,285.2946,280.775,270.833,279.3439,277.7695,276.3952,278.0201,270.4939,279.4879,274.63,272.0355,18.613,274.5958,272.435,274.1639,187.3564,284.1588,278.2748,269.1637,25.8572,152.5478,285.6478,278.496,263.0178,232.0457,131.9352,251.4729,258.9168,280.4673,267.6093,236.3188,284.9951
24,33.072,34.2471,107.0781,274.7609,33.5598,35.5004,23.9916,33.4292,23.7141,9.5314,104.1595,243.4738,32.6117,184.1419,273.4373,30.0954,28.5332,32.9014,120.8231,258.1671,0.0,273.7119,32.0383,264.8911,9.9353,23.2752,276.8467,30.2099,31.5062,35.4915,25.8345,241.3018,46.643,107.3442,25.7569,238.4629,106.4686,271.4017,299.7125,108.5174,33.2184,36.9511,94.3541,109.823,33.2847,30.9874,29.508,28.92,32.6674,30.3419,32.3298,30.7,33.7006,36.6174,31.7156,32.7782,28.1128,29.5748,24.053,55.4453,63.7001,58.0014,32.953,31.9359,23.6436,45.9309,30.1702,26.7172,29.4731,29.3456,34.5437,24.5469,28.3876,37.6942,31.6013,33.9203,36.4812,27.7723,25.9316,12.4932,31.5099,21.3412,24.2489,26.1606,21.7065,34.7433,33.7159,19.7892,25.2112,36.0623,40.7294,24.6286,29.5897,34.6899,32.1185,19.7316,34.1983,33.848,26.3288,28.5395,24.6393,26.9499,26.2249,21.4436,273.977,18.6885,24.965,21.911,115.582,40.5015,38.2958,11.3369,239.2799,109.0589,42.488,31.8103,6.8093,29.3368,129.592,7.0571,2.9294,31.2299,11.5956,26.6788,30.4118
25,292.698,295.4077,170.5851,4.5269,293.5815,295.241,287.398,292.3092,289.3504,279.4819,174.3451,42.8138,294.6071,93.5687,4.8822,249.2115,293.9299,294.3909,161.3255,19.9282,273.7119,0.0,287.104,14.324,281.3011,284.3903,5.9657,250.4425,292.0762,300.8639,288.1792,42.8474,234.374,171.5019,252.2487,45.3385,174.5403,6.9533,289.2103,168.9541,294.0054,298.305,183.6964,167.4624,293.53,293.3648,292.0609,291.2832,289.4148,291.2676,293.6705,293.7728,301.3341,295.7236,294.3227,296.8742,289.9754,289.1752,286.7672,311.243,269.0995,275.4026,294.3016,288.3431,288.9162,301.9323,292.5786,286.6376,294.4952,287.7247,300.1065,290.3383,294.9152,298.7227,296.793,293.0448,295.2368,293.6388,286.176,276.8262,286.4957,287.2462,286.2476,291.5343,282.3867,293.0004,295.8636,282.9534,293.7041,294.3634,299.2083,288.1682,295.1566,299.7952,295.2128,285.6454,293.5772,291.963,291.0192,292.5706,284.9973,294.2366,289.1827,286.788,2.7446,289.7086,286.9825,288.9847,196.8857,298.1847,292.2118,284.5691,45.7838,169.7357,299.6074,292.8489,278.3325,248.2564,149.3722,267.1307,274.3272,294.9522,283.4499,252.6075,299.8493
27,6.0739,8.8638,127.7613,288.6015,6.9241,8.2433,9.6555,5.4542,11.8905,22.9505,125.5082,260.2566,8.7785,201.4564,287.3345,59.3143,11.7374,8.3028,142.7889,272.9594,32.0383,287.104,0.0,277.1323,23.6679,8.9174,290.7434,60.024,6.2887,15.4893,8.0233,257.8763,74.4327,128.6808,54.9607,255.1225,128.8837,285.485,331.4753,128.999,7.6213,11.4039,116.0738,130.1134,6.9918,8.4002,8.0978,7.7327,2.3851,6.2666,7.7432,9.2143,17.8485,8.6242,9.0742,11.7705,7.0864,4.5942,9.1157,26.4375,40.5371,32.4489,8.1548,1.4751,11.5109,16.2135,8.1112,5.8616,11.4881,3.4932,15.0911,11.9366,13.4006,11.7182,12.6985,6.1452,8.133,12.2337,6.5439,19.7701,0.6702,12.9269,8.556,11.3348,10.3322,5.919,9.7284,12.3956,15.8659,7.26,12.2855,9.5105,12.3403,14.515,9.967,13.7264,6.6764,4.9355,10.4594,9.8219,7.5729,14.217,8.495,12.3994,287.6502,20.2242,8.154,13.9524,110.6507,11.3996,6.6611,26.4599,256.1009,130.2645,13.1444,7.0494,25.7713,57.6709,149.7458,37.1793,29.1566,10.3659,36.2392,56.4159,19.3424
28,282.8083,285.5425,163.5459,18.4924,283.6941,285.3115,277.7834,282.393,279.8093,270.345,167.4183,45.7589,284.7956,88.3525,18.2048,241.2039,284.3029,284.5586,155.3287,24.1762,264.8911,14.324,277.1323,0.0,272.2113,274.7361,20.2484,242.5141,282.2412,291.1393,278.4998,44.8511,226.7767,164.6912,244.0846,46.7505,168.0563,18.8479,295.5679,161.8977,284.1462,288.4029,176.5313,160.3863,283.6538,283.5927,282.3197,281.5466,279.463,281.4639,283.8433,284.0282,291.7429,285.7565,284.5459,287.1338,280.2392,279.352,277.1331,300.8866,257.8593,264.3712,284.464,278.3997,279.3642,291.721,282.8214,276.8815,284.8396,277.8784,290.4027,280.7888,285.3367,288.7981,287.113,283.126,285.262,284.0417,276.4441,267.5073,276.5346,277.7556,276.5917,281.9435,272.7615,283.0435,286.0391,273.4221,284.26,284.3835,289.1541,278.5451,285.5207,290.0693,285.446,276.1849,283.6603,282.0194,281.4016,282.8938,275.2965,284.7117,279.5128,277.278,16.6715,280.4869,277.3122,279.5256,184.5348,288.1106,282.0834,275.6057,47.6768,162.9464,289.4842,283.0218,269.3014,240.1179,143.015,258.4244,265.3865,285.2214,274.8821,244.5375,290.4001
29,23.7414,24.644,115.8973,282.4504,24.1399,26.0131,14.7297,24.1906,14.0222,2.1859,113.0983,251.7599,22.9797,192.4636,281.1381,39.9712,18.6838,23.3186,129.9237,266.0487,9.9353,281.3011,23.6679,272.2113,0.0,14.7599,284.5504,40.1328,22.1343,25.5614,16.6131,249.543,56.4253,116.2912,35.6073,246.7188,115.6132,279.1415,309.0939,117.3016,23.7115,27.2314,103.3284,118.5737,23.8492,21.382,19.9569,19.4348,23.8743,20.9946,22.795,21.0198,23.7985,27.1545,22.0487,22.936,18.7748,20.5406,14.9542,45.719,59.3563,52.7059,23.3857,23.2932,14.019,36.4212,20.6029,17.9579,19.6323,20.5971,24.6139,14.7882,18.47,27.9821,21.7094,24.6096,27.07,17.9026,17.2052,7.3396,23.2314,11.7723,15.3101,16.3871,13.7047,25.5088,24.0232,11.3432,15.2836,26.7361,31.1622,15.2689,19.7065,24.7703,22.3824,10.3385,24.8322,24.7018,16.6383,18.8336,16.0952,17.0189,16.838,11.9962,281.6288,8.9956,15.9226,12.0946,117.8199,31.0276,29.4708,4.5947,247.5697,117.9863,32.9936,22.3473,3.2802,39.0925,138.3739,16.7426,7.81,21.4592,13.0836,36.5878,20.639
30,10.3792,12.3274,122.619,285.7607,11.0618,13.078,3.2049,10.5359,5.846,14.0532,120.1698,256.5347,10.9975,197.4896,284.4761,51.4368,9.5828,11.025,137.3415,269.8274,23.2752,284.3903,8.9174,274.7361,14.7599,0.0,287.8888,52.0033,9.0278,16.5528,3.8356,254.2118,67.0421,123.3594,47.0433,251.4299,123.2596,282.5711,322.9228,123.9185,11.0168,15.3695,110.5872,125.0913,10.8499,9.4667,7.9783,7.2001,9.3967,7.9035,10.3168,9.6519,17.0639,14.0711,10.4134,12.6601,5.963,6.5301,2.446,33.2288,46.9116,39.4636,11.0059,8.6697,5.3183,23.2348,8.5967,3.4917,10.106,6.0786,15.752,6.6147,10.7582,16.0158,12.4115,11.1421,13.8129,9.404,2.7065,11.3554,8.4715,5.2197,1.8573,7.3733,2.1306,11.798,12.292,3.5009,10.9559,13.232,18.3149,3.8828,10.7886,15.4952,11.1904,5.264,11.5273,10.8029,6.7197,8.1929,1.366,10.4981,4.8036,4.5336,284.8564,12.6076,2.6196,6.9678,112.5124,17.8453,15.0213,17.7637,252.3629,124.9864,19.8283,9.5872,16.8834,49.989,144.8361,28.7766,20.4361,10.7261,27.4726,48.3856,16.5116
31,296.2982,298.9957,173.0524,2.1867,297.1804,298.858,290.8774,295.9214,292.7961,282.753,176.7585,42.1231,298.1714,95.5294,3.4136,252.0065,297.412,297.9647,163.3701,20.171,276.8467,5.9657,290.7434,20.2484,284.5504,287.8888,0.0,253.2022,295.6521,304.3867,291.6871,42.5703,237.0031,173.8709,255.1096,45.2406,176.7659,5.659,285.9946,171.4314,297.5913,301.9085,186.1967,169.9506,297.1238,296.912,295.5948,294.8153,293.0442,294.8298,297.2422,297.3076,304.7971,299.3573,297.8716,300.4057,293.508,292.747,290.2556,315.0467,273.3226,279.5274,297.8777,291.9692,292.3671,305.6736,296.1194,290.1806,297.9898,291.3075,303.6203,293.7874,298.3751,302.3361,300.2975,296.6579,298.8741,297.1076,289.7084,280.1793,290.1305,290.6704,289.746,295.0013,285.8732,296.6306,299.4332,286.3978,297.1046,298.0034,302.8797,291.6512,298.6421,303.3191,298.7569,289.057,297.1892,295.5877,294.4983,296.0755,288.5164,297.6729,292.686,290.2211,3.6971,293.0123,290.487,292.3942,201.6583,301.8655,295.9195,287.7609,45.4653,172.0986,303.3099,296.4209,281.5575,251.109,151.5938,270.2189,277.5145,298.4802,286.4681,255.4272,303.2495
32,62.3044,63.844,80.8101,251.1686,62.9054,64.9064,53.4138,62.5256,53.5815,39.4606,77.4697,218.0827,62.2732,158.9004,249.8138,2.0718,58.5463,62.4885,93.3201,234.0204,30.2099,250.4425,60.024,242.5141,40.1328,52.0033,253.2022,0.0,60.8324,65.6426,55.1474,216.0621,17.2054,80.575,5.2009,213.1859,78.9442,247.6609,272.1215,82.3618,62.693,66.6977,67.6929,83.7763,62.658,60.6356,59.1099,58.4507,61.1855,59.6651,61.8592,60.4543,63.9095,65.9673,61.4387,62.7558,57.4851,58.5304,53.3095,85.0748,81.859,78.7018,62.5174,60.2879,53.4418,75.2207,59.7812,55.4823,59.4675,57.961,64.695,54.4765,58.5159,67.4214,61.6707,63.1044,65.7556,57.8202,54.7042,40.6588,59.4062,51.1354,53.3356,56.09,50.086,63.7991,63.4525,48.7349,55.4161,65.2189,70.1833,54.1287,59.6509,64.8106,61.9364,49.4264,63.4541,62.8045,56.1554,58.3556,53.2998,57.1134,55.7069,51.1269,250.5072,48.8465,54.1233,51.9326,112.2092,69.8049,66.6393,41.0217,213.8908,82.3416,71.7963,61.2514,36.9308,4.9141,103.1751,23.5365,32.4897,61.107,35.6942,3.6177,60.5587
33,1.6245,3.421,131.3427,293.5164,2.0735,4.079,7.5157,2.2538,8.3686,21.9995,128.9519,264.7306,2.6248,205.787,292.2411,60.3277,6.0274,2.3176,146.1592,277.7355,31.5062,292.0762,6.2887,282.2412,22.1343,9.0278,295.6521,60.8324,0.0,9.3633,5.7018,262.3806,76.0405,132.1376,55.926,259.6115,132.1194,290.3658,331.1682,132.623,2.0309,6.4739,119.4073,133.7772,1.8316,2.1787,2.5754,2.7988,4.2161,1.1701,1.613,3.0367,11.5599,5.1408,2.7858,5.5082,3.3935,2.9138,7.5302,24.2666,46.4344,38.1301,2.2256,4.8215,8.2339,14.4464,2.2078,5.8108,5.5285,4.3688,8.8796,7.9108,7.6285,7.0631,6.4263,2.4998,4.9755,6.722,6.4843,20.2051,6.6209,10.3792,7.514,6.6656,11.1187,3.492,3.8044,12.1065,10.7824,4.6034,9.3533,6.8905,6.3282,8.3447,3.6887,11.8276,2.7003,3.0117,6.0003,4.3718,7.8972,8.7771,5.3027,10.1424,292.5864,16.5331,6.7141,10.5454,116.8531,9.011,8.1978,23.9427,260.5657,133.7524,11.0037,0.8067,24.8082,58.9423,153.4908,37.4407,28.7944,4.1041,33.67,57.2168,13.2585
34,9.4514,6.7891,138.9084,302.2563,8.6608,8.1224,13.7466,10.1749,12.4791,26.2031,136.3795,273.0845,6.7527,214.0263,300.9744,65.3951,7.3979,7.1893,153.4816,286.3595,35.4915,300.8639,15.4893,291.1393,25.5614,16.5528,304.3867,65.6426,9.3633,0.0,12.7252,270.7634,81.6439,139.5733,61.0035,267.9808,139.3222,299.0776,333.6528,140.2301,7.8836,5.6678,126.7391,141.423,8.5377,7.6392,8.8247,9.594,13.1835,9.8845,7.7911,7.1241,3.7723,8.6276,6.7276,4.0226,10.9007,12.0528,14.27,21.1607,54.306,45.6879,7.335,14.0202,12.7678,14.0459,8.352,14.2707,6.6181,13.6238,0.9479,11.491,7.1343,6.0838,4.2361,9.604,9.0985,7.9828,14.6954,26.1539,15.9035,14.9292,14.7051,9.9692,18.6269,10.3017,5.7743,18.5677,10.4247,9.7743,9.5573,12.9491,6.1765,1.0702,5.7941,16.7008,9.1407,10.8968,10.2265,8.3759,15.8707,8.5425,11.7526,15.142,301.3443,17.4269,13.9363,13.7972,126.1398,10.342,14.4325,25.7096,268.912,141.2178,11.4846,8.5585,28.719,64.337,161.1929,42.1358,33.1582,5.9182,34.5601,62.0738,7.6937
35,7.2404,8.7656,126.4215,289.5581,7.7733,9.7624,1.8839,7.6088,3.897,16.352,123.9575,260.3678,7.3137,201.3251,288.2746,54.6613,5.9487,7.4232,141.1168,273.6409,25.8345,288.1792,8.0233,278.4998,16.6131,3.8356,291.6871,55.1474,5.7018,12.7252,0.0,258.0438,70.4512,127.148,50.2576,255.2624,127.0189,286.373,325.5288,127.725,7.5529,11.7491,114.3632,128.9013,7.5166,5.7251,4.2001,3.4432,7.4936,4.5317,6.7529,5.8383,13.419,10.8419,6.6485,8.8249,2.3402,3.9972,1.8404,29.9318,48.0183,40.1808,7.4299,7.1681,3.4918,20.1467,4.8452,2.5975,6.3615,4.5385,11.936,4.1264,7.3146,12.4299,8.615,8.0858,10.6692,5.9325,2.4719,14.559,7.8438,5.0845,2.0197,4.1491,5.942,8.9273,8.5866,6.4667,8.4657,10.2279,15.0383,1.5031,7.0988,11.665,7.3866,6.2784,8.3743,8.09,3.3163,4.394,3.2444,7.4129,1.0399,4.6841,288.6507,12.2055,1.2166,5.9299,115.4703,14.7115,12.9483,18.8269,256.1962,128.7784,16.7048,6.1079,19.1755,53.3102,148.6508,31.7401,23.1039,6.8918,28.6274,51.5329,13.3351
36,263.166,265.7778,135.2699,41.1477,264.0354,265.812,257.0765,262.8627,258.7967,247.8669,138.7251,2.9723,264.8189,57.2113,39.7766,215.0229,263.5921,264.6683,124.1181,22.9202,241.3018,42.8474,257.8763,44.8511,249.543,254.2118,42.5703,216.0621,262.3806,270.7634,258.0438,0.0,199.4055,135.6918,218.3975,2.9047,138.0283,37.1399,251.5764,133.7063,264.3684,268.7662,148.4234,132.2863,263.9494,263.4665,262.0796,261.2942,260.1043,261.4828,263.9378,263.7882,270.8343,266.4087,264.431,266.852,259.996,259.4674,256.5089,283.0693,244.5876,249.9926,264.5958,259.0155,258.3983,273.3505,262.6414,256.7468,264.2379,258.1002,269.9495,259.8014,264.4267,269.2505,266.5903,263.6005,265.9498,263.2151,256.2159,245.7394,257.2396,256.5628,256.0583,261.109,252.1391,263.6757,266.105,252.4244,262.8353,265.0997,270.1404,257.8657,264.8354,269.707,265.2837,254.8881,264.1226,262.6052,260.6769,262.3918,254.9534,263.597,259.0108,256.1648,41.4345,258.2453,256.8301,258.1967,178.8229,269.1887,263.4406,252.4464,2.9384,133.9131,270.7579,263.1227,246.4403,214.3812,113.0921,234.4806,242.2269,264.9161,250.3222,218.5331,268.9492
37,77.421,79.2165,64.1603,234.9894,78.094,80.1107,68.8242,77.5443,69.3246,55.4997,60.687,201.3815,77.7208,142.3221,233.6256,16.7384,74.3828,77.8709,76.2496,217.6784,46.643,234.374,74.4327,226.7767,56.4253,67.0421,237.0031,17.2054,76.0405,81.6439,70.4512,199.4055,0.0,63.7482,20.9309,196.5214,61.9016,231.4361,260.6551,65.7442,77.9826,82.1708,50.9913,67.1907,77.871,76.0937,74.5521,73.8479,75.8665,74.891,77.2038,76.0062,80.1914,81.1132,76.9504,78.511,72.7842,73.5363,68.6162,100.2676,90.3409,88.6504,77.8808,74.8939,69.1272,90.1988,75.2208,70.4464,75.273,72.7768,80.7017,70.2662,74.5167,82.8683,77.5546,78.1735,80.8475,73.7069,69.6928,55.9082,73.7845,66.8535,68.5392,71.8602,65.0101,78.7673,78.9523,63.9846,71.6371,80.2333,85.3569,69.578,75.5395,80.756,77.5298,65.1002,78.5684,77.7245,71.8272,73.9896,68.2652,73.1925,71.1148,66.761,234.3701,65.3203,69.3514,67.8482,107.4505,84.8616,81.093,57.756,197.1941,65.5233,86.8311,76.5371,53.1603,17.3345,86.3701,39.6855,48.6374,76.768,52.8761,20.3252,77.0365
38,133.1981,135.5463,3.2228,171.8971,134.0128,135.9477,125.8853,133.0647,127.166,114.8514,3.1962,137.6454,134.3323,78.7172,170.5187,79.6524,132.1926,134.3039,14.2462,154.3242,107.3442,171.5019,128.6808,164.6912,116.2912,123.3594,173.8709,80.575,132.1376,139.5733,127.148,135.6918,63.7482,0.0,83.2442,132.8037,5.4175,168.265,238.7466,4.2207,134.1685,138.6072,12.9963,5.458,133.8661,132.8253,131.3334,130.5581,130.6631,131.1062,133.5781,132.9856,138.9971,136.737,133.7726,135.8977,129.3166,129.2979,125.4441,155.0194,127.7639,130.212,134.264,129.5816,126.8374,144.8433,131.9561,126.3316,132.9558,128.1331,138.6861,128.1718,132.7585,139.1971,135.3374,133.7813,136.3462,131.6831,125.692,113.5868,128.0133,124.7776,125.1286,129.6295,121.2297,134.079,135.6324,121.0134,130.6048,135.5691,140.8085,126.6841,133.431,138.5644,134.5346,123.0263,134.2666,132.9834,129.3482,131.2933,124.3188,131.7065,128.0218,124.4893,171.3597,125.2363,125.9416,126.201,98.8156,140.0262,134.9333,118.666,133.4602,1.7796,141.822,132.8002,113.0642,79.2461,22.6219,100.3423,108.6504,133.9917,115.496,83.2139,136.5422
39,57.3776,58.9847,83.3019,253.061,57.9968,60.004,48.5507,57.5767,48.8261,34.8012,80.1015,220.464,57.4335,161.1942,251.7139,4.4066,53.8325,57.6304,96.2892,236.0544,25.7569,252.2487,54.9607,244.0846,35.6073,47.0433,255.1096,5.2009,55.926,61.0035,50.2576,218.3975,20.9309,83.2442,0.0,215.5307,81.8943,249.5914,277.3146,84.8193,57.8099,61.8706,70.2825,86.2006,57.7551,55.7969,54.2645,53.5915,56.1678,54.7616,56.9898,55.644,59.4045,61.0519,56.6171,58.0167,52.5975,53.5734,48.4175,80.188,76.8618,73.5794,57.654,55.256,48.6658,70.2764,54.936,50.5117,54.7431,52.9639,60.0573,49.7396,53.8693,62.5874,56.9791,58.1676,60.8272,53.1252,49.7377,35.7249,54.3377,46.3672,48.4169,51.3481,45.0979,58.8408,58.6298,43.8196,50.8711,60.2723,65.2792,49.2781,54.9589,60.1471,57.1411,44.6397,58.5282,57.8348,51.3786,53.5691,48.326,52.5004,50.8467,46.3296,252.3666,44.4454,49.2121,47.2415,109.7272,64.8728,61.5902,36.8256,216.2692,84.9966,66.8613,56.3654,32.3635,4.0163,105.7697,18.8823,27.8671,56.333,32.3246,2.0216,56.1686
40,260.4017,263.01,132.3899,43.7727,261.2705,263.0503,254.2899,260.1011,256.0032,245.0465,135.8394,5.2027,262.0465,54.3533,42.3924,212.1502,260.8039,261.8979,121.216,25.423,238.4629,45.3385,255.1225,46.7505,246.7188,251.4299,45.2406,213.1859,259.6115,267.9808,255.2624,2.9047,196.5214,132.8037,215.5307,0.0,135.1308,39.7664,250.2594,130.828,261.6006,266.0006,145.5415,129.4096,261.1835,260.6911,259.302,258.5166,257.3475,258.7111,261.1673,261.0102,268.0403,263.6504,261.6556,264.0723,257.2189,256.6984,253.7242,280.3441,242.0076,247.3752,261.8259,256.2583,255.6059,270.6139,259.865,253.9729,261.4519,255.3341,267.1653,257.0082,261.6341,266.4868,263.8054,260.8388,263.1925,260.4245,253.4401,242.9334,254.485,253.766,253.2758,258.3187,249.3555,260.9176,263.3332,249.6328,260.0324,262.3432,267.3891,255.0795,262.0474,266.9249,262.507,252.0895,261.3604,259.8464,257.8891,259.6084,252.1753,260.8002,256.2281,253.3697,44.0037,255.4273,254.0485,255.3967,176.5821,266.4398,260.7,249.6128,1.7147,131.0251,268.0133,260.3525,243.6131,211.5144,110.2016,231.6371,239.3953,262.1363,247.4662,215.662,266.1445
41,133.2293,135.5136,8.5585,174.8174,134.029,135.9852,125.6974,133.1297,126.8708,114.2518,5.9983,139.9008,134.2537,81.353,173.4319,78.1448,131.9272,134.2504,14.395,157.0876,106.4686,174.5403,128.8837,168.0563,115.6132,123.2596,176.7659,78.9442,132.1194,139.3222,127.0189,138.0283,61.9016,5.4175,81.8943,135.1308,0.0,171.1414,234.3459,9.6314,134.1488,138.5743,12.9623,10.7826,133.8712,132.722,131.2153,130.446,130.8089,131.0662,133.5292,132.8476,138.6015,136.8076,133.6611,135.7137,129.2226,129.3092,125.2866,155.2905,129.6403,131.7477,134.2173,129.7347,126.5601,145.0844,131.8478,126.3086,132.7134,128.1911,138.4227,127.8721,132.4288,139.1823,135.0908,133.8385,136.4317,131.3899,125.6498,113.2327,128.2143,124.4572,125.0025,129.3578,121.1293,134.1773,135.5505,120.8007,130.1478,135.6723,140.9227,126.4943,133.159,138.328,134.4005,122.6959,134.3142,133.0826,129.1123,131.0994,124.2607,131.3287,127.8679,124.1965,174.3266,124.5919,125.8203,125.8224,103.4173,140.1751,135.2252,117.8055,135.729,6.4096,142.0029,132.7627,112.3621,77.9296,25.174,99.4306,107.9038,133.8229,114.2161,81.7361,136.0162
42,291.0222,293.7143,167.4615,4.0078,291.9037,293.5891,285.5519,290.6506,287.4573,277.3515,171.1589,36.8264,292.88,89.8874,2.6529,246.4731,292.087,292.6772,157.7288,14.5512,271.4017,6.9533,285.485,18.8479,279.1415,282.5711,5.659,247.6609,290.3658,299.0776,286.373,37.1399,231.4361,168.265,249.5914,39.7664,171.1414,0.0,282.2913,165.8423,292.3091,296.6334,180.6102,164.3635,291.845,291.6135,290.291,289.5108,287.7813,289.5378,291.954,292.0039,299.464,294.0957,292.5737,295.1004,288.2037,287.4592,284.9337,309.8633,268.3836,274.5251,292.5913,286.7049,287.0303,300.4608,290.8183,284.8809,292.6698,286.0245,298.3076,288.4498,293.0414,297.0653,294.9813,291.3875,293.6141,291.7775,284.4044,274.8067,284.8702,285.3235,284.4281,289.6706,280.5508,291.3677,294.1439,281.059,291.7483,292.7447,297.6347,286.3269,293.3183,298.0105,293.4569,283.7054,291.9182,290.3224,289.1724,290.7598,283.2069,292.3301,287.3699,284.8776,4.6247,287.6212,285.1715,287.0415,197.1721,296.6249,290.6917,282.333,40.0525,166.492,298.079,291.1329,276.1407,245.5891,145.9707,264.7604,272.0858,293.1736,280.9887,249.8993,297.8926
